11543
763619
11015
1040982
2702403
33561214
37187556
5343250
295569
36834685
32831223
11958
32929611
23747676
21590651
22756813
54009337
431512
38743592
10030
163552
1002045
1840380
39945597
188861
13165683
2157753
37749
168473
3565056
32833924
8199
32864724
32829809
37447383
33561655
12564189
12007
2348207
142615
51111062
407530
32796783
32830752
32828827
243114
173966
196196
14064
7925
188405
204022
11767842
14631
42790548
16379600
38997201
39530371
41428601
12281
32827858
12305
36997300
1095862
36727419
213143
174019
564568
4159322
44893
15381726
17857398
54956
7418810
32937594
21595382
28729943
32833330
32831951
33561475
37563085
23994976
37740411
205480
40176
32828517
29780
33569179
15941
32828727
26942894
16941066
179109
52485283
48773806
52215055
3839157
1814
210684
5757283
40067110
174717
11671030
224173
47551741
11521384
32828899
165190
32375
38103199
2077
204122
19834
12589061
33596586
41899489
